0.000000
-0.002038
0.392664
0.027965
0.704932
0.146146
0.883798
0.369726
0.920917
0.670174
0.853387
0.981668
0.747858
1.223835
0.673982
1.330349
0.677184
1.272741
0.760980
1.070589
0.885480
0.784276
0.982627
0.493039
0.982487
0.266470
0.840714
0.140077
0.556889
0.103983
0.176808
0.108886
-0.222233
0.086986
-0.557728
-0.020057
-0.770139
-0.236675
-0.842509
-0.541695
-0.804315
-0.873869
-0.718199
-1.152651
-0.654637
-1.306558
-0.664085
-1.298568
-0.757058
-1.139141
-0.899647
-0.882008
-1.026153
-0.604331
-1.064127
-0.378632
-0.962439
-0.246938
-0.711859
-0.206770
-0.350381
-0.214128
0.048749
-0.202282
0.401937
-0.109251
0.643857
0.096389
0.749204
0.401130
0.739550
0.749053
0.672858
1.060411
0.619660
1.259419
0.634886
1.300949
0.735946
1.186229
0.895303
0.961713
1.050357
0.701586
1.126950
0.480431
1.067723
0.346269
0.854687
0.303996
0.517546
0.315357
0.124587
0.315395
-0.240531
0.239135
-0.507519
0.048454
-0.643076
-0.251025
-0.660686
-0.609416
-0.613021
-0.948736
-0.569903
-1.189811
-0.590143
-1.279955
-0.697866
-1.211169
-0.872238
-1.022100
-1.054471
-0.783090
-1.169538
-0.569905
-1.154476
-0.435971
-0.982707
-0.393458
-0.675250
-0.410242
-0.294592
-0.423822
0.076572
-0.366911
0.363862
-0.195056
0.526433
0.094136
0.569592
0.457448
0.540174
0.819615
0.506542
1.099031
0.530754
1.236098
0.643408
1.213706
0.830626
1.062264
1.038122
0.847463
1.190850
0.645369
1.220948
0.514170
1.093521
0.473131
0.820621
0.496580
0.458159
0.525134
0.086856
0.489904
-0.215735
0.340550
-0.401767
0.066624
-0.468370
-0.295889
-0.456074
-0.675367
-0.431051
-0.988769
-0.457945
-1.170313
-0.573513
-1.194010
-0.771027
-1.081704
-1.001336
-0.893688
-1.190244
-0.705449
-1.265761
-0.579253
-1.185050
-0.541207
-0.951018
-0.572344
-0.612315
-0.617030
-0.246704
-0.605506
0.066046
-0.482061
0.271698
-0.228244
0.359312
0.127672
0.362706
0.518601
0.345168
0.861077
0.373240
1.083942
0.489464
1.152672
0.694374
1.080325
0.944546
0.921122
1.167500
0.749108
1.287939
0.629902
1.255567
0.596133
1.064084
0.635723
0.754279
0.697383
0.400014
0.711229
0.082297
0.616762
-0.138929
0.387671
-0.244846
0.044123
-0.262243
-0.352165
-0.250861
-0.718327
-0.278434
-0.978708
-0.392856
-1.090692
-0.601961
-1.058441
-0.868585
-0.929510
-1.122817
-0.775663
-1.286930
-0.665122
-1.303738
-0.636649
-1.157791
-0.685169
-0.881514
-0.764289
-0.543977
-0.804759
-0.226447
-0.741927
0.006181
-0.541865
0.127491
-0.216337
0.156999
0.179091
0.150283
0.563169
0.175556
0.856677
0.285568
1.009453
0.495418
1.016763
0.774671
0.918983
1.056818
0.784798
1.262614
0.684257
1.328643
0.661809
1.230473
0.719422
0.991772
0.816106
0.675988
0.883999
0.363667
0.854990
0.123855
0.687865
-0.009797
0.385784
-0.049379
-0.002539
-0.045728
-0.398479
-0.066821
-0.720221
-0.169726
-0.910696
-0.376684
-0.956382
-0.664390
-0.890057
-0.970540
-0.776568
-1.215309
-0.687007
-1.329794
-0.671005
-1.280862
-0.737547
-1.083138
-0.851493
-0.793693
-0.947120
-0.491387
-0.953596
-0.248577
-0.822843
-0.105702
-0.549320
-0.058177
-0.174260
-0.060421
0.000000
